0, 0 2;
1, 1 1;
2, 18 1;
3, 19 2;
4, 20 0;
5, 21 1;
6, 22 2;
7, 24 0;
8, 27 0;
9, 30 3;
10, 31 1;
11, 32 0;
12, 34 0;
13, 35 0;
14, 36 5;
15, 37 7;
16, 38 7;
17, 60 0;
18, 200 0;
19, 201 0;
20, 203 0; 
21, 204 0;
22, 205 0;
23, 206 0;
24, 207 0;
25, 208 0;
26, 209 0;
27, 210 0;
28, 211 0;
29, 212 0; 
30, 213 0;
31, 214 0;
32, 215 0;
33, 216 0;
34, 217 0;
35, 218 0;
36, 219 0;
37, 220 0;
38, 221 0;
39, 222 0;
40, 223 0;
41, 224 0;
42, 225 0;
43, 226 0;
44, 227 12;
