0, 0 1;
1, 1 1;
2, 18 1;
3, 19 24;
4, 20 1;
5, 21 1;
6, 22 3; 
7, 24 1;
8, 27 1;
9, 30 3;
10, 31 4;
11, 32 1;
12, 34 0;
13, 35 0;
14, 36 5;
15, 37 7;
16, 38 7;
17, 60 0;
18, 200 0;
19, 201 0;
20, 203 1;
21, 204 0;
22, 205 1;
23, 206 0;
24, 207 1;
25, 208 1;
26, 209 0;
27, 210 1;
28, 211 0;
29, 212 1;
30, 213 0;
31, 214 1;
32, 215 1;
33, 216 0;
34, 217 0;
35, 218 0;
36, 219 0;
37, 220 0;
38, 221 0;
39, 222 0;
40, 223 0;
41, 224 0;
42, 225 0;
43, 226 0;
44, 227 5;
